1.0,0.2386720711537596,0.3668268540760563,0.2068148703347902,0.4233318662019946,0.2386720711537596,0.1792098689420635,0.3178639540618223,0.4233318662019946,0.3178639540618223,0.0321161771262315,0.4233318662019946,0.1350075042972248,0.2068148703347902,0.4233318662019946,0.4233318662019946,0.1792098689420635,0.1552894967090237,0.488540756901366,0.3668268540760563,0.2386720711537596,0.0088459664141099,0.1345619408713363,0.3178639540618223,0.4233318662019946,0.0657389924433995,0.2386720711537596,0.1552894967090237,0.4233318662019946,0.4233318662019946,0.3668268540760563,0.1345619408713363,0.0037447794704453,0.2754364686475969,0.1552894967090237,0.0002840986242082,0.1552894967090237,0.0758652482610586,0.4233318662019946,0.0088459664141099,0.4233318662019946,0.1552894967090237,0.0427723905915961,0.0569643575488252,0.4233318662019946,0.4233318662019946,0.4233318662019946,0.2068148703347902,0.4233318662019946,0.2068148703347902,0.3178639540618223,0.4233318662019946,0.4233318662019946,0.3178639540618223,0.4233318662019946,0.3668268540760563,0.4233318662019946,0.2754364686475969,0.3178639540618223,0.2386720711537596,0.2754364686475969,0.0364966114488334,0.2386720711537596,0.2386720711537596,0.1345619408713363,0.2386720711537596,0.3178639540618223,0.0875513250171502,0.3668268540760563,0.4233318662019946,0.1552894967090237,0.3178639540618223,0.2068148703347902,0.1792098689420635,0.488540756901366,0.4233318662019946,0.1166010342926743,0.0493609334482006,0.2068148703347902,0.0875513250171502,0.0758652482610586,0.0493609334482006,0.2754364686475969,0.2754364686475969,0.2068148703347902,0.2386720711537596,0.4233318662019946,0.4233318662019946,0.0758652482610586,0.2068148703347902,0.1792098689420635,0.0338440290504113,0.3178639540618223,0.0654823689686567,0.2754364686475969,0.1552894967090237,0.2754364686475969,0.1039179911025415,0.1010374932918162,0.2068148703347902
0.2386720711537596,1.0,0.3668268540760563,0.2068148703347902,0.4233318662019946,0.2386720711537596,0.1792098689420635,0.3178639540618223,0.4233318662019946,0.3178639540618223,0.0321161771262315,0.4233318662019946,0.0005815249192517,0.2068148703347902,0.4233318662019946,0.4233318662019946,0.1792098689420635,0.1552894967090237,0.488540756901366,0.3668268540760563,0.2386720711537596,0.0088459664141099,0.1345619408713363,0.3178639540618223,0.4233318662019946,0.0657389924433995,0.2386720711537596,0.1552894967090237,0.4233318662019946,0.4233318662019946,0.3668268540760563,0.1345619408713363,0.0037447794704453,0.2754364686475969,0.1552894967090237,0.0002840986242082,0.1552894967090237,0.0758652482610586,0.4233318662019946,0.0088459664141099,0.4233318662019946,0.1552894967090237,0.0427723905915961,0.0569643575488252,0.4233318662019946,0.4233318662019946,0.4233318662019946,0.2068148703347902,0.4233318662019946,0.2068148703347902,0.3178639540618223,0.4233318662019946,0.4233318662019946,0.3178639540618223,0.4233318662019946,0.3668268540760563,0.4233318662019946,0.2754364686475969,0.3178639540618223,0.2386720711537596,0.2754364686475969,0.1792098689420635,0.2386720711537596,0.2386720711537596,0.1345619408713363,0.2386720711537596,0.3178639540618223,0.0875513250171502,0.3668268540760563,0.4233318662019946,0.1552894967090237,0.3178639540618223,0.2068148703347902,0.1792098689420635,0.488540756901366,0.4233318662019946,0.1166010342926743,0.0493609334482006,0.2068148703347902,0.0875513250171502,0.0758652482610586,0.0493609334482006,0.2754364686475969,0.2754364686475969,0.2068148703347902,0.2386720711537596,0.4233318662019946,0.4233318662019946,0.0758652482610586,0.2068148703347902,0.1792098689420635,0.1345619408713363,0.3178639540618223,0.1552894967090237,0.2754364686475969,0.1552894967090237,0.2754364686475969,0.3668268540760563,0.1010374932918162,0.2068148703347902
0.3668268540760563,0.3668268540760563,1.0,0.3178639540618223,0.6506395824125633,0.3668268540760563,0.2754364686475969,0.0634048651231008,0.6506395824125633,0.488540756901366,0.0493609334482006,0.6506395824125633,0.0008937742722252,0.3545229612582858,0.6506395824125633,0.6506395824125633,0.2754364686475969,0.2386720711537596,0.7508623362413075,0.5637942479857544,0.3668268540760563,0.0135958011981214,0.0533112015582324,0.488540756901366,0.6506395824125633,0.1010374932918162,0.3668268540760563,0.0812534942845022,0.6506395824125633,0.6506395824125633,0.5637942479857544,0.2068148703347902,0.005755535893712,0.1047819266414883,0.2386720711537596,0.0004366451594518,0.2386720711537596,0.1166010342926743,0.6506395824125633,0.0135958011981214,0.6506395824125633,0.2386720711537596,0.0657389924433995,0.0875513250171502,0.6506395824125633,0.198016937013051,0.026192788527732,0.3178639540618223,0.6506395824125633,0.3178639540618223,0.488540756901366,0.2378374820749492,0.6506395824125633,0.488540756901366,0.6506395824125633,0.5637942479857544,0.6506395824125633,0.4233318662019946,0.488540756901366,0.3668268540760563,0.4233318662019946,0.2754364686475969,0.3668268540760563,0.2069634583496398,0.025312770434801,0.1320340728640716,0.0876864087008851,0.1345619408713363,0.5637942479857544,0.6506395824125633,0.0229326477203235,0.488540756901366,0.3178639540618223,0.2754364686475969,0.7508623362413075,0.6506395824125633,0.1792098689420635,0.0758652482610586,0.3178639540618223,0.1345619408713363,0.1166010342926743,0.0758652482610586,0.4233318662019946,0.4233318662019946,0.3178639540618223,0.3668268540760563,0.6506395824125633,0.6506395824125633,0.1166010342926743,0.3178639540618223,0.2754364686475969,0.2068148703347902,0.488540756901366,0.2386720711537596,0.4233318662019946,0.2386720711537596,0.1156416916476491,0.5637942479857544,0.1552894967090237,0.3178639540618223
0.2068148703347902,0.2068148703347902,0.3178639540618223,1.0,0.723553057046028,0.2068148703347902,0.1552894967090237,0.2754364686475969,0.3668268540760563,0.0515878539641067,0.0109995313133932,0.3668268540760563,0.0361639108358547,0.1792098689420635,0.3668268540760563,0.3668268540760563,0.0081368380094958,0.1345619408713363,0.0417218072229511,0.0317098695076008,0.0076546728246709,0.0082005418731864,0.1166010342926743,0.2754364686475969,0.3668268540760563,0.0569643575488252,0.2068148703347902,0.1345619408713363,0.3668268540760563,0.3668268540760563,0.009144067503056,0.0166694153169405,0.0324613584771298,0.2386720711537596,0.1345619408713363,0.0128029238569995,0.1345619408713363,0.0346909760546385,0.0402115224442303,0.051604292920965,0.3668268540760563,0.1345619408713363,0.098058460729657,0.0329570431677681,0.3668268540760563,0.3668268540760563,0.3668268540760563,0.1792098689420635,0.3668268540760563,0.1792098689420635,0.2754364686475969,0.3668268540760563,0.3668268540760563,0.2754364686475969,0.3668268540760563,0.3178639540618223,0.3668268540760563,0.2386720711537596,0.2754364686475969,0.0346220051907355,0.0121208421558532,0.1552894967090237,0.2068148703347902,0.2068148703347902,0.1166010342926743,0.2068148703347902,0.2754364686475969,0.0758652482610586,0.3178639540618223,0.3668268540760563,0.1345619408713363,0.2754364686475969,0.1792098689420635,0.0077994292288922,0.0458395058135625,0.0458395058135625,0.1010374932918162,0.0506994792796565,0.1792098689420635,0.0170459093386443,0.0657389924433995,0.0290728917427474,0.2386720711537596,0.2386720711537596,0.1792098689420635,0.2068148703347902,0.3668268540760563,0.0113180157513794,0.0657389924433995,0.1792098689420635,0.1552894967090237,0.1166010342926743,0.2754364686475969,0.1345619408713363,0.2386720711537596,0.1345619408713363,0.2386720711537596,0.0212336812163112,0.0875513250171502,0.1792098689420635
0.4233318662019946,0.4233318662019946,0.6506395824125633,0.723553057046028,1.0,0.4233318662019946,0.3178639540618223,0.5637942479857544,0.7508623362413075,0.036563109879357,0.0077951692255517,0.7508623362413075,0.032463476552556,0.3668268540760563,0.7508623362413075,0.7508623362413075,0.0049596769923407,0.2754364686475969,0.0250287121448144,0.0191491164866005,0.0041201123207742,0.0049987803612789,0.2386720711537596,0.5637942479857544,0.7508623362413075,0.1166010342926743,0.4233318662019946,0.2754364686475969,0.7508623362413075,0.7508623362413075,0.005567091218703,0.0137056492225146,0.0209228663698453,0.488540756901366,0.2754364686475969,0.0090419811173842,0.2754364686475969,0.0187218567018269,0.0244996882364171,0.0364316928884382,0.7508623362413075,0.2754364686475969,0.0804342042323852,0.0198194418031622,0.7508623362413075,0.7508623362413075,0.7508623362413075,0.3668268540760563,0.7508623362413075,0.3668268540760563,0.5637942479857544,0.7508623362413075,0.7508623362413075,0.5637942479857544,0.7508623362413075,0.6506395824125633,0.7508623362413075,0.488540756901366,0.5637942479857544,0.0210056399849427,0.008774941884817,0.3178639540618223,0.4233318662019946,0.4233318662019946,0.2386720711537596,0.4233318662019946,0.5637942479857544,0.1552894967090237,0.6506395824125633,0.7508623362413075,0.2754364686475969,0.5637942479857544,0.3668268540760563,0.0042800813229162,0.0317702844090835,0.0317702844090835,0.2068148703347902,0.0366830239153765,0.3668268540760563,0.0140337097881003,0.1345619408713363,0.0174608311826896,0.488540756901366,0.488540756901366,0.3668268540760563,0.4233318662019946,0.7508623362413075,0.0080506792521554,0.1345619408713363,0.3668268540760563,0.3178639540618223,0.2386720711537596,0.5637942479857544,0.2754364686475969,0.488540756901366,0.2754364686475969,0.488540756901366,0.0174702597834346,0.1792098689420635,0.3668268540760563
0.2386720711537596,0.2386720711537596,0.3668268540760563,0.2068148703347902,0.4233318662019946,1.0,0.1792098689420635,0.3178639540618223,0.4233318662019946,0.3178639540618223,0.0321161771262315,0.4233318662019946,0.0005815249192517,0.2068148703347902,0.4233318662019946,0.4233318662019946,0.1792098689420635,0.1552894967090237,0.488540756901366,0.3668268540760563,0.2386720711537596,0.0088459664141099,0.1345619408713363,0.3178639540618223,0.4233318662019946,0.0657389924433995,0.2386720711537596,0.1552894967090237,0.4233318662019946,0.4233318662019946,0.3668268540760563,0.1345619408713363,0.0037447794704453,0.2754364686475969,0.1552894967090237,0.0002840986242082,0.1552894967090237,0.0758652482610586,0.4233318662019946,0.0088459664141099,0.4233318662019946,0.1552894967090237,0.0427723905915961,0.0569643575488252,0.4233318662019946,0.4233318662019946,0.4233318662019946,0.2068148703347902,0.4233318662019946,0.2068148703347902,0.3178639540618223,0.4233318662019946,0.4233318662019946,0.3178639540618223,0.4233318662019946,0.3668268540760563,0.4233318662019946,0.2754364686475969,0.3178639540618223,0.2386720711537596,0.2867092833776209,0.1792098689420635,0.2386720711537596,0.2386720711537596,0.1345619408713363,0.2386720711537596,0.3178639540618223,0.0875513250171502,0.3668268540760563,0.4233318662019946,0.1552894967090237,0.3178639540618223,0.2068148703347902,0.1835999845062243,0.488540756901366,0.4233318662019946,0.1166010342926743,0.0493609334482006,0.2068148703347902,0.0875513250171502,0.0758652482610586,0.0493609334482006,0.2754364686475969,0.2754364686475969,0.2068148703347902,0.2386720711537596,0.4233318662019946,0.4233318662019946,0.4750607317504238,0.2068148703347902,0.1792098689420635,0.1345619408713363,0.1816868519954282,0.1552894967090237,0.2754364686475969,0.1552894967090237,0.2754364686475969,0.3668268540760563,0.1010374932918162,0.2068148703347902
0.1792098689420635,0.1792098689420635,0.2754364686475969,0.1552894967090237,0.3178639540618223,0.1792098689420635,1.0,0.2386720711537596,0.3178639540618223,0.2386720711537596,0.0241148277881418,0.3178639540618223,0.0004366451594518,0.1552894967090237,0.3178639540618223,0.3178639540618223,0.1345619408713363,0.1166010342926743,0.3668268540760563,0.2754364686475969,0.1792098689420635,0.0088459664141099,0.1010374932918162,0.2386720711537596,0.3178639540618223,0.0493609334482006,0.1792098689420635,0.1166010342926743,0.3178639540618223,0.3178639540618223,0.2754364686475969,0.1010374932918162,0.002811813861887,0.2068148703347902,0.1166010342926743,0.0002133189566959,0.1166010342926743,0.0758652482610586,0.3178639540618223,0.0066421030080107,0.3178639540618223,0.1166010342926743,0.0321161771262315,0.0569643575488252,0.3178639540618223,0.3178639540618223,0.3178639540618223,0.1552894967090237,0.3178639540618223,0.1552894967090237,0.2386720711537596,0.3178639540618223,0.3178639540618223,0.2386720711537596,0.3178639540618223,0.2754364686475969,0.3178639540618223,0.2068148703347902,0.2386720711537596,0.1792098689420635,0.2068148703347902,0.1345619408713363,0.1792098689420635,0.1792098689420635,0.1010374932918162,0.1792098689420635,0.2386720711537596,0.0657389924433995,0.2754364686475969,0.3178639540618223,0.1166010342926743,0.2386720711537596,0.1552894967090237,0.1345619408713363,0.3668268540760563,0.3178639540618223,0.0875513250171502,0.0370632658079676,0.1552894967090237,0.0657389924433995,0.0758652482610586,0.0370632658079676,0.2068148703347902,0.2068148703347902,0.1552894967090237,0.1792098689420635,0.3178639540618223,0.3178639540618223,0.0569643575488252,0.1552894967090237,0.1345619408713363,0.1010374932918162,0.2386720711537596,0.1166010342926743,0.2068148703347902,0.1166010342926743,0.2068148703347902,0.2754364686475969,0.0758652482610586,0.1552894967090237
0.3178639540618223,0.3178639540618223,0.0634048651231008,0.2754364686475969,0.5637942479857544,0.3178639540618223,0.2386720711537596,1.0,0.7508623362413075,0.4233318662019946,0.0427723905915961,0.5637942479857544,0.0007744760806125,0.3708984959172534,0.5637942479857544,0.5637942479857544,0.2386720711537596,0.2068148703347902,0.6506395824125633,0.488540756901366,0.3178639540618223,0.0117810762201649,0.3639114161016685,0.4233318662019946,0.5637942479857544,0.0875513250171502,0.3178639540618223,0.0848373415263357,0.5637942479857544,0.5637942479857544,0.488540756901366,0.1792098689420635,0.0049873049821503,0.1102336313266708,0.2068148703347902,0.0003783631306244,0.2068148703347902,0.1010374932918162,0.5637942479857544,0.0117810762201649,0.5637942479857544,0.2068148703347902,0.0569643575488252,0.0758652482610586,0.5637942479857544,0.2071498631405244,0.0273516272223411,0.2754364686475969,0.5637942479857544,0.2754364686475969,0.4233318662019946,0.0901988159281195,0.5637942479857544,0.4233318662019946,0.5637942479857544,0.488540756901366,0.5637942479857544,0.3668268540760563,0.4233318662019946,0.3178639540618223,0.3668268540760563,0.2386720711537596,0.3178639540618223,0.2105030681183422,0.1792098689420635,0.3178639540618223,0.091782107802708,0.1166010342926743,0.488540756901366,0.5637942479857544,0.2068148703347902,0.4233318662019946,0.2754364686475969,0.2386720711537596,0.6506395824125633,0.5637942479857544,0.1552894967090237,0.0657389924433995,0.2754364686475969,0.1166010342926743,0.1010374932918162,0.0657389924433995,0.3668268540760563,0.3668268540760563,0.2754364686475969,0.3178639540618223,0.5637942479857544,0.5637942479857544,0.1010374932918162,0.2754364686475969,0.2386720711537596,0.1792098689420635,0.4233318662019946,0.2068148703347902,0.3668268540760563,0.2068148703347902,0.3668268540760563,0.488540756901366,0.1345619408713363,0.2754364686475969
0.4233318662019946,0.4233318662019946,0.6506395824125633,0.3668268540760563,0.7508623362413075,0.4233318662019946,0.3178639540618223,0.7508623362413075,1.0,0.5637942479857544,0.0569643575488252,0.7508623362413075,0.0010314488332034,0.3668268540760563,0.7508623362413075,0.7508623362413075,0.3178639540618223,0.2754364686475969,0.8665231308172376,0.6506395824125633,0.4233318662019946,0.0156900614820275,0.2386720711537596,0.5637942479857544,0.7508623362413075,0.1166010342926743,0.4233318662019946,0.2754364686475969,0.7508623362413075,0.7508623362413075,0.6506395824125633,0.2386720711537596,0.0066421030080107,0.488540756901366,0.2754364686475969,0.0005039047936782,0.2754364686475969,0.1345619408713363,0.7508623362413075,0.0156900614820275,0.7508623362413075,0.2754364686475969,0.0758652482610586,0.1010374932918162,0.7508623362413075,0.7508623362413075,0.7508623362413075,0.3668268540760563,0.7508623362413075,0.3668268540760563,0.5637942479857544,0.7508623362413075,0.7508623362413075,0.5637942479857544,0.7508623362413075,0.6506395824125633,0.7508623362413075,0.488540756901366,0.5637942479857544,0.4233318662019946,0.488540756901366,0.3178639540618223,0.4233318662019946,0.4233318662019946,0.2386720711537596,0.4233318662019946,0.5637942479857544,0.1552894967090237,0.6506395824125633,0.7508623362413075,0.2754364686475969,0.5637942479857544,0.3668268540760563,0.3178639540618223,0.8665231308172376,0.7508623362413075,0.2068148703347902,0.0875513250171502,0.3668268540760563,0.1552894967090237,0.1345619408713363,0.0875513250171502,0.488540756901366,0.488540756901366,0.3668268540760563,0.4233318662019946,0.7508623362413075,0.7508623362413075,0.1345619408713363,0.3668268540760563,0.3178639540618223,0.2386720711537596,0.5637942479857544,0.2754364686475969,0.488540756901366,0.2754364686475969,0.488540756901366,0.6506395824125633,0.1792098689420635,0.3668268540760563
0.3178639540618223,0.3178639540618223,0.488540756901366,0.0515878539641067,0.036563109879357,0.3178639540618223,0.2386720711537596,0.4233318662019946,0.5637942479857544,1.0,0.0095024978531845,0.5637942479857544,0.0323616291679885,0.2754364686475969,0.5637942479857544,0.5637942479857544,0.0068741545093918,0.2068148703347902,0.2599202802076415,0.2014527323061945,0.0063031630574743,0.0069237741039281,0.1792098689420635,0.4233318662019946,0.5637942479857544,0.0875513250171502,0.3178639540618223,0.2068148703347902,0.5637942479857544,0.5637942479857544,0.0076475965636103,0.014873581144719,0.1909169732585533,0.3668268540760563,0.2068148703347902,0.0109060605510044,0.2068148703347902,0.0848845275561464,0.1001705888888777,0.1319041143332014,0.5637942479857544,0.2068148703347902,0.0850686226647317,0.209692811307137,0.5637942479857544,0.5637942479857544,0.5637942479857544,0.2754364686475969,0.5637942479857544,0.2754364686475969,0.4233318662019946,0.5637942479857544,0.5637942479857544,0.4233318662019946,0.5637942479857544,0.488540756901366,0.5637942479857544,0.3668268540760563,0.4233318662019946,0.2169860708944419,0.0104722340814714,0.2386720711537596,0.3178639540618223,0.3178639540618223,0.1792098689420635,0.3178639540618223,0.4233318662019946,0.1166010342926743,0.488540756901366,0.5637942479857544,0.2068148703347902,0.4233318662019946,0.2754364686475969,0.0064407692948525,0.2321093351360336,0.2321093351360336,0.1552894967090237,0.0438378644270574,0.2754364686475969,0.0151959593420819,0.1010374932918162,0.1609150149159035,0.3668268540760563,0.3668268540760563,0.2754364686475969,0.3178639540618223,0.5637942479857544,0.0097685577149852,0.1010374932918162,0.2754364686475969,0.2386720711537596,0.1792098689420635,0.4233318662019946,0.2068148703347902,0.3668268540760563,0.2068148703347902,0.3668268540760563,0.0185990828791092,0.1345619408713363,0.2754364686475969
0.0321161771262315,0.0321161771262315,0.0493609334482006,0.0109995313133932,0.0077951692255517,0.0321161771262315,0.0241148277881418,0.0427723905915961,0.0569643575488252,0.0095024978531845,1.0,0.0758652482610586,0.1252960841018337,0.0278294103533031,0.0569643575488252,0.0569643575488252,0.1125919878159066,0.0208960560740992,0.0073419812346017,0.2981826640778665,0.0242387464972376,0.026855705344894,0.018106915931061,0.0427723905915961,0.0569643575488252,0.0088459664141099,0.0321161771262315,0.0208960560740992,0.0569643575488252,0.0569643575488252,0.1235277140248303,0.0582504495223564,0.0336529152555506,0.0370632658079676,0.0208960560740992,0.0418597103980964,0.0437197955224872,0.0060598338935757,0.0071690141904382,0.0094836315761771,0.0569643575488252,0.0208960560740992,0.0181173291991797,0.0060343365576143,0.0569643575488252,0.0569643575488252,0.0569643575488252,0.0278294103533031,0.0569643575488252,0.0278294103533031,0.0427723905915961,0.0569643575488252,0.0569643575488252,0.0427723905915961,0.0758652482610586,0.0493609334482006,0.0569643575488252,0.0370632658079676,0.0427723905915961,0.0280810372647676,0.0405725519093352,0.0888443717133949,0.0321161771262315,0.0321161771262315,0.018106915931061,0.0321161771262315,0.0427723905915961,0.0117810762201649,0.0493609334482006,0.0569643575488252,0.0208960560740992,0.0427723905915961,0.0278294103533031,0.0247804568461748,0.0651830631385229,0.0651830631385229,0.0156900614820275,0.0094774585107931,0.0278294103533031,0.0594515944171587,0.0102085750506938,0.0342812161854189,0.0493609334482006,0.0370632658079676,0.0278294103533031,0.0321161771262315,0.0758652482610586,0.1463818476513466,0.0102085750506938,0.0278294103533031,0.0241148277881418,0.018106915931061,0.0427723905915961,0.0208960560740992,0.0370632658079676,0.0208960560740992,0.0370632658079676,0.0716175748222359,0.0135958011981214,0.0278294103533031
0.4233318662019946,0.4233318662019946,0.6506395824125633,0.3668268540760563,0.7508623362413075,0.4233318662019946,0.3178639540618223,0.5637942479857544,0.7508623362413075,0.5637942479857544,0.0758652482610586,1.0,0.001373685672352,0.3668268540760563,0.7508623362413075,0.7508623362413075,0.3178639540618223,0.2754364686475969,0.8665231308172376,0.6506395824125633,0.4233318662019946,0.0208960560740992,0.2386720711537596,0.5637942479857544,0.7508623362413075,0.1166010342926743,0.4233318662019946,0.2754364686475969,0.7508623362413075,0.7508623362413075,0.6506395824125633,0.2386720711537596,0.0066421030080107,0.488540756901366,0.2754364686475969,0.0006711014381154,0.3668268540760563,0.1345619408713363,0.7508623362413075,0.0156900614820275,0.7508623362413075,0.2754364686475969,0.0758652482610586,0.1345619408713363,0.7508623362413075,0.7508623362413075,0.7508623362413075,0.3668268540760563,0.7508623362413075,0.3668268540760563,0.5637942479857544,0.7508623362413075,0.7508623362413075,0.5637942479857544,1.0,0.6506395824125633,0.7508623362413075,0.488540756901366,0.5637942479857544,0.4233318662019946,0.488540756901366,0.3178639540618223,0.4233318662019946,0.4233318662019946,0.2386720711537596,0.4233318662019946,0.5637942479857544,0.1552894967090237,0.6506395824125633,0.7508623362413075,0.2754364686475969,0.5637942479857544,0.3668268540760563,0.4233318662019946,0.8665231308172376,0.7508623362413075,0.2068148703347902,0.0875513250171502,0.3668268540760563,0.1552894967090237,0.1345619408713363,0.0875513250171502,0.6506395824125633,0.488540756901366,0.3668268540760563,0.4233318662019946,1.0,0.7508623362413075,0.1345619408713363,0.3668268540760563,0.3178639540618223,0.2386720711537596,0.5637942479857544,0.2754364686475969,0.488540756901366,0.2754364686475969,0.488540756901366,0.6506395824125633,0.1792098689420635,0.3668268540760563
0.1350075042972248,0.0005815249192517,0.0008937742722252,0.0361639108358547,0.032463476552556,0.0005815249192517,0.0004366451594518,0.0007744760806125,0.0010314488332034,0.0323616291679885,0.1252960841018337,0.001373685672352,1.0,0.0005039047936782,0.0010314488332034,0.0010314488332034,0.1144052134535987,0.0003783631306244,0.0324443798953339,0.1077448218996153,0.1207761538819632,0.115194382900289,0.0003278604045345,0.0007744760806125,0.0010314488332034,0.0001601731701892,0.0005815249192517,0.0003783631306244,0.0010314488332034,0.0010314488332034,0.1269666420493058,0.1405627269712273,0.1103785810383232,0.0006711014381154,0.0003783631306244,0.1438088060868727,0.0005039047936782,0.0302033820224202,0.0309632735936031,0.0325430417023764,0.0010314488332034,0.0003783631306244,0.0444026235762081,0.0263083825333885,0.0010314488332034,0.0010314488332034,0.0010314488332034,0.0005039047936782,0.0010314488332034,0.0005039047936782,0.0007744760806125,0.0010314488332034,0.0010314488332034,0.0007744760806125,0.001373685672352,0.0008937742722252,0.0010314488332034,0.0006711014381154,0.0007744760806125,0.1168410729851821,0.1324389022495801,0.0361368350841683,0.0005815249192517,0.0005815249192517,0.0003278604045345,0.0005815249192517,0.0007744760806125,0.0002133189566959,0.0011903304095652,0.0010314488332034,0.0003783631306244,0.0007744760806125,0.0005039047936782,0.1209451853730114,0.1583838842998315,0.1583838842998315,0.0002840986242082,0.0309597496380881,0.0005039047936782,0.1429793915297666,0.0001848458102188,0.1116606079375305,0.0008937742722252,0.0006711014381154,0.0005039047936782,0.0005815249192517,0.001373685672352,0.1278371187153533,0.0002461780293098,0.0005039047936782,0.0004366451594518,0.0335328519317425,0.0007744760806125,0.0647541955712423,0.0006711014381154,0.0003783631306244,0.0006711014381154,0.7692465065725114,0.0002461780293098,0.0005039047936782
0.2068148703347902,0.2068148703347902,0.3545229612582858,0.1792098689420635,0.3668268540760563,0.2068148703347902,0.1552894967090237,0.3708984959172534,0.3668268540760563,0.2754364686475969,0.0278294103533031,0.3668268540760563,0.0005039047936782,1.0,0.3668268540760563,0.3668268540760563,0.1552894967090237,0.1345619408713363,0.4233318662019946,0.3178639540618223,0.2068148703347902,0.0076652345122586,0.2919051397642084,0.2754364686475969,0.3668268540760563,0.0569643575488252,0.2068148703347902,0.2865164488945827,0.3668268540760563,0.3668268540760563,0.3178639540618223,0.1166010342926743,0.0032449380309504,0.3939834504963209,0.1345619408713363,0.0002461780293098,0.1345619408713363,0.0657389924433995,0.3668268540760563,0.0076652345122586,0.3668268540760563,0.1345619408713363,0.0370632658079676,0.0493609334482006,0.3668268540760563,0.4518496119481092,0.3063632945884012,0.1792098689420635,0.3668268540760563,0.1792098689420635,0.2754364686475969,0.3063048665106561,0.3668268540760563,0.2754364686475969,0.3668268540760563,0.3178639540618223,0.3668268540760563,0.2386720711537596,0.2754364686475969,0.2068148703347902,0.2386720711537596,0.1552894967090237,0.2068148703347902,0.257030918842333,0.1166010342926743,0.2068148703347902,0.3179193727520885,0.0758652482610586,0.3178639540618223,0.3668268540760563,0.1345619408713363,0.2754364686475969,0.1792098689420635,0.1552894967090237,0.4233318662019946,0.3668268540760563,0.1010374932918162,0.0427723905915961,0.1792098689420635,0.0758652482610586,0.0657389924433995,0.0427723905915961,0.2386720711537596,0.2386720711537596,0.1792098689420635,0.2068148703347902,0.3668268540760563,0.3668268540760563,0.0657389924433995,0.1792098689420635,0.1552894967090237,0.1166010342926743,0.2754364686475969,0.1345619408713363,0.2386720711537596,0.1345619408713363,0.2386720711537596,0.3178639540618223,0.0875513250171502,0.1792098689420635
0.4233318662019946,0.4233318662019946,0.6506395824125633,0.3668268540760563,0.7508623362413075,0.4233318662019946,0.3178639540618223,0.5637942479857544,0.7508623362413075,0.5637942479857544,0.0569643575488252,0.7508623362413075,0.0010314488332034,0.3668268540760563,1.0,0.7508623362413075,0.3178639540618223,0.2754364686475969,0.8665231308172376,0.6506395824125633,0.4233318662019946,0.0156900614820275,0.2386720711537596,0.5637942479857544,0.7508623362413075,0.1166010342926743,0.4233318662019946,0.2754364686475969,0.7508623362413075,0.7508623362413075,0.6506395824125633,0.2386720711537596,0.0066421030080107,0.488540756901366,0.2754364686475969,0.0005039047936782,0.2754364686475969,0.1345619408713363,0.7508623362413075,0.0156900614820275,0.7508623362413075,0.2754364686475969,0.0758652482610586,0.1010374932918162,0.7508623362413075,0.7508623362413075,0.7508623362413075,0.3668268540760563,0.7508623362413075,0.3668268540760563,0.5637942479857544,0.7508623362413075,0.7508623362413075,0.5637942479857544,0.7508623362413075,0.6506395824125633,0.7508623362413075,0.488540756901366,0.5637942479857544,0.4233318662019946,0.488540756901366,0.3178639540618223,0.4233318662019946,0.4233318662019946,0.2386720711537596,0.4233318662019946,0.5637942479857544,0.1552894967090237,0.6506395824125633,0.7508623362413075,0.2754364686475969,0.5637942479857544,0.3668268540760563,0.3178639540618223,0.8665231308172376,0.7508623362413075,0.2068148703347902,0.0875513250171502,0.3668268540760563,0.1552894967090237,0.1345619408713363,0.0875513250171502,0.488540756901366,0.488540756901366,0.3668268540760563,0.4233318662019946,0.7508623362413075,0.7508623362413075,0.1345619408713363,0.3668268540760563,0.3178639540618223,0.2386720711537596,0.5637942479857544,0.2754364686475969,0.488540756901366,0.2754364686475969,0.488540756901366,0.6506395824125633,0.1792098689420635,0.3668268540760563
0.4233318662019946,0.4233318662019946,0.6506395824125633,0.3668268540760563,0.7508623362413075,0.4233318662019946,0.3178639540618223,0.5637942479857544,0.7508623362413075,0.5637942479857544,0.0569643575488252,0.7508623362413075,0.0010314488332034,0.3668268540760563,0.7508623362413075,1.0,0.3178639540618223,0.2754364686475969,0.8665231308172376,0.6506395824125633,0.4233318662019946,0.0156900614820275,0.2386720711537596,0.5637942479857544,0.7508623362413075,0.1166010342926743,0.4233318662019946,0.2754364686475969,0.7508623362413075,0.7508623362413075,0.6506395824125633,0.2386720711537596,0.0066421030080107,0.488540756901366,0.2754364686475969,0.0005039047936782,0.2754364686475969,0.1345619408713363,0.7508623362413075,0.0156900614820275,0.7508623362413075,0.2754364686475969,0.0758652482610586,0.1010374932918162,0.7508623362413075,0.7508623362413075,0.7508623362413075,0.3668268540760563,0.7508623362413075,0.3668268540760563,0.5637942479857544,0.7508623362413075,0.7508623362413075,0.5637942479857544,0.7508623362413075,0.6506395824125633,0.7508623362413075,0.488540756901366,0.5637942479857544,0.4233318662019946,0.488540756901366,0.3178639540618223,0.4233318662019946,0.4233318662019946,0.2386720711537596,0.4233318662019946,0.5637942479857544,0.1552894967090237,0.6506395824125633,0.7508623362413075,0.2754364686475969,0.5637942479857544,0.3668268540760563,0.3178639540618223,0.8665231308172376,0.7508623362413075,0.2068148703347902,0.0875513250171502,0.3668268540760563,0.1552894967090237,0.1345619408713363,0.0875513250171502,0.488540756901366,0.488540756901366,0.3668268540760563,0.4233318662019946,0.7508623362413075,0.7508623362413075,0.1345619408713363,0.3668268540760563,0.3178639540618223,0.2386720711537596,0.5637942479857544,0.2754364686475969,0.488540756901366,0.2754364686475969,0.488540756901366,0.6506395824125633,0.1792098689420635,0.3668268540760563
0.1792098689420635,0.1792098689420635,0.2754364686475969,0.0081368380094958,0.0049596769923407,0.1792098689420635,0.1345619408713363,0.2386720711537596,0.3178639540618223,0.0068741545093918,0.1125919878159066,0.3178639540618223,0.1144052134535987,0.1552894967090237,0.3178639540618223,0.3178639540618223,1.0,0.1166010342926743,0.0044564514654601,0.0658372955233825,0.0130175077477947,0.0165485857223592,0.1010374932918162,0.2386720711537596,0.3178639540618223,0.0493609334482006,0.1792098689420635,0.1166010342926743,0.3178639540618223,0.3178639540618223,0.4760021226974517,0.0488078674238178,0.0246713232785012,0.2068148703347902,0.1166010342926743,0.0301901814459883,0.0402122755399612,0.0032668829755843,0.004422368779766,0.0068336191234346,0.3178639540618223,0.1166010342926743,0.0151942084076611,0.0036627534025116,0.3178639540618223,0.3178639540618223,0.3178639540618223,0.1552894967090237,0.3178639540618223,0.1552894967090237,0.2386720711537596,0.3178639540618223,0.3178639540618223,0.2386720711537596,0.3178639540618223,0.2754364686475969,0.3178639540618223,0.2068148703347902,0.2386720711537596,0.0177362549765352,0.0299771555878084,0.0148549551950636,0.1792098689420635,0.1792098689420635,0.1010374932918162,0.1792098689420635,0.2386720711537596,0.0657389924433995,0.2754364686475969,0.3178639540618223,0.1166010342926743,0.2386720711537596,0.1552894967090237,0.0136037955556851,0.0546165369485725,0.0546165369485725,0.0875513250171502,0.0069976018970139,0.1552894967090237,0.0498849312116552,0.0569643575488252,0.0252309649237386,0.2068148703347902,0.2068148703347902,0.1552894967090237,0.1792098689420635,0.3178639540618223,0.0808588199491892,0.0569643575488252,0.1552894967090237,0.1345619408713363,0.1010374932918162,0.2386720711537596,0.1166010342926743,0.2068148703347902,0.1166010342926743,0.2068148703347902,0.0601768139504495,0.0758652482610586,0.1552894967090237
0.1552894967090237,0.1552894967090237,0.2386720711537596,0.1345619408713363,0.2754364686475969,0.1552894967090237,0.1166010342926743,0.2068148703347902,0.2754364686475969,0.2068148703347902,0.0208960560740992,0.2754364686475969,0.0003783631306244,0.1345619408713363,0.2754364686475969,0.2754364686475969,0.1166010342926743,1.0,0.3178639540618223,0.2386720711537596,0.1552894967090237,0.005755535893712,0.0875513250171502,0.2068148703347902,0.2754364686475969,0.0427723905915961,0.1552894967090237,0.1010374932918162,0.2754364686475969,0.2754364686475969,0.2386720711537596,0.0875513250171502,0.0024365017508776,0.1792098689420635,0.1010374932918162,0.0001848458102188,0.1010374932918162,0.0493609334482006,0.2754364686475969,0.005755535893712,0.2754364686475969,0.1010374932918162,0.0278294103533031,0.0370632658079676,0.2754364686475969,0.2754364686475969,0.2754364686475969,0.1345619408713363,0.2754364686475969,0.1345619408713363,0.2068148703347902,0.2754364686475969,0.2754364686475969,0.2068148703347902,0.2754364686475969,0.2386720711537596,0.2754364686475969,0.1792098689420635,0.2068148703347902,0.1552894967090237,0.1792098689420635,0.1166010342926743,0.1552894967090237,0.1552894967090237,0.0875513250171502,0.1552894967090237,0.2068148703347902,0.0569643575488252,0.2386720711537596,0.2754364686475969,0.1010374932918162,0.2068148703347902,0.1345619408713363,0.1166010342926743,0.3178639540618223,0.2754364686475969,0.0758652482610586,0.0321161771262315,0.1345619408713363,0.0569643575488252,0.0493609334482006,0.0321161771262315,0.1792098689420635,0.1792098689420635,0.1345619408713363,0.1552894967090237,0.2754364686475969,0.2754364686475969,0.0493609334482006,0.1345619408713363,0.1166010342926743,0.0875513250171502,0.2068148703347902,0.1010374932918162,0.1792098689420635,0.1345619408713363,0.1792098689420635,0.2386720711537596,0.0657389924433995,0.1345619408713363
0.488540756901366,0.488540756901366,0.7508623362413075,0.0417218072229511,0.0250287121448144,0.488540756901366,0.3668268540760563,0.6506395824125633,0.8665231308172376,0.2599202802076415,0.0073419812346017,0.8665231308172376,0.0324443798953339,0.4233318662019946,0.8665231308172376,0.8665231308172376,0.0044564514654601,0.3178639540618223,1.0,0.3239435332285065,0.0035417981079239,0.0044923826185436,0.2754364686475969,0.6506395824125633,0.8665231308172376,0.1345619408713363,0.488540756901366,0.3178639540618223,0.8665231308172376,0.8665231308172376,0.0050130725957308,0.0133888094675644,0.1267834476440346,0.5637942479857544,0.3178639540618223,0.0085370987460573,0.3178639540618223,0.0482159790744269,0.0659925149765997,0.1026564264044563,0.8665231308172376,0.3178639540618223,0.0790714390414911,0.3385794460159154,0.8665231308172376,0.8665231308172376,0.8665231308172376,0.4233318662019946,0.8665231308172376,0.4233318662019946,0.6506395824125633,0.8665231308172376,0.8665231308172376,0.6506395824125633,0.8665231308172376,0.7508623362413075,0.8665231308172376,0.5637942479857544,0.6506395824125633,0.351216670975578,0.0083209722829067,0.3668268540760563,0.488540756901366,0.488540756901366,0.2754364686475969,0.488540756901366,0.6506395824125633,0.1792098689420635,0.7508623362413075,0.8665231308172376,0.3178639540618223,0.6506395824125633,0.4233318662019946,0.0037076955214286,0.1585805619427912,0.1585805619427912,0.2386720711537596,0.034772108210412,0.4233318662019946,0.0137173066100408,0.1552894967090237,0.2233331842003072,0.5637942479857544,0.5637942479857544,0.4233318662019946,0.488540756901366,0.8665231308172376,0.0075934631346358,0.1552894967090237,0.4233318662019946,0.3668268540760563,0.2754364686475969,0.6506395824125633,0.3178639540618223,0.5637942479857544,0.3178639540618223,0.5637942479857544,0.0171475260582464,0.2068148703347902,0.4233318662019946
0.3668268540760563,0.3668268540760563,0.5637942479857544,0.0317098695076008,0.0191491164866005,0.3668268540760563,0.2754364686475969,0.488540756901366,0.6506395824125633,0.2014527323061945,0.2981826640778665,0.6506395824125633,0.1077448218996153,0.3178639540618223,0.6506395824125633,0.6506395824125633,0.0658372955233825,0.2386720711537596,0.3239435332285065,1.0,0.0123177690858393,0.0157048808706174,0.2068148703347902,0.488540756901366,0.6506395824125633,0.1010374932918162,0.3668268540760563,0.2386720711537596,0.6506395824125633,0.6506395824125633,0.0716009032551879,0.046368314626541,0.1215462954017826,0.4233318662019946,0.2386720711537596,0.0283833119501224,0.0377200291158595,0.0368809077420554,0.050654022841875,0.0794896900587449,0.6506395824125633,0.2386720711537596,0.0595553961550015,0.2694023175586758,0.6506395824125633,0.6506395824125633,0.6506395824125633,0.3178639540618223,0.6506395824125633,0.3178639540618223,0.488540756901366,0.6506395824125633,0.6506395824125633,0.488540756901366,0.6506395824125633,0.5637942479857544,0.6506395824125633,0.4233318662019946,0.488540756901366,0.2902708245238811,0.0283392815767303,0.095397224197942,0.3668268540760563,0.3668268540760563,0.2068148703347902,0.3668268540760563,0.488540756901366,0.1345619408713363,0.5637942479857544,0.6506395824125633,0.2386720711537596,0.488540756901366,0.3178639540618223,0.0128712276766341,0.1640717783253793,0.1640717783253793,0.1792098689420635,0.0275069743950562,0.3178639540618223,0.0473587851899469,0.1166010342926743,0.2004153414022881,0.4233318662019946,0.4233318662019946,0.3178639540618223,0.3668268540760563,0.6506395824125633,0.1004903459579204,0.1166010342926743,0.3178639540618223,0.2754364686475969,0.2068148703347902,0.488540756901366,0.2386720711537596,0.4233318662019946,0.2386720711537596,0.4233318662019946,0.0565505729734323,0.1552894967090237,0.3178639540618223
0.2386720711537596,0.2386720711537596,0.3668268540760563,0.0076546728246709,0.0041201123207742,0.2386720711537596,0.1792098689420635,0.3178639540618223,0.4233318662019946,0.0063031630574743,0.0242387464972376,0.4233318662019946,0.1207761538819632,0.2068148703347902,0.4233318662019946,0.4233318662019946,0.0130175077477947,0.1552894967090237,0.0035417981079239,0.0123177690858393,1.0,0.7871842777777854,0.1345619408713363,0.3178639540618223,0.4233318662019946,0.0657389924433995,0.2386720711537596,0.1552894967090237,0.4233318662019946,0.4233318662019946,0.0144954722644413,0.2540702274558522,0.1271151825343154,0.2754364686475969,0.1552894967090237,0.2817313508346467,0.1552894967090237,0.0022513974055842,0.0035528319324089,0.0062531317302427,0.4233318662019946,0.1552894967090237,0.0155336125728061,0.0705855999041492,0.1789576240873684,0.4233318662019946,0.4233318662019946,0.2068148703347902,0.4233318662019946,0.2068148703347902,0.3178639540618223,0.4233318662019946,0.4233318662019946,0.3178639540618223,0.4233318662019946,0.3668268540760563,0.4233318662019946,0.2754364686475969,0.1555682798293013,0.0144046935413926,0.027772909295304,0.1792098689420635,0.2386720711537596,0.2386720711537596,0.1345619408713363,0.2386720711537596,0.3178639540618223,0.0875513250171502,0.3668268540760563,0.4233318662019946,0.1552894967090237,0.3178639540618223,0.0239813708718277,0.0095406649902569,0.0548590639759545,0.0548590639759545,0.1166010342926743,0.0064741851844669,0.2068148703347902,0.1785587454271027,0.0758652482610586,0.0229780635066011,0.2754364686475969,0.0198180458651245,0.2068148703347902,0.2386720711537596,0.4233318662019946,0.025095615395909,0.0758652482610586,0.2068148703347902,0.1792098689420635,0.1345619408713363,0.3178639540618223,0.1552894967090237,0.2754364686475969,0.1552894967090237,0.2754364686475969,0.0610426766214479,0.1010374932918162,0.2068148703347902
